image_width: 1024
image_height: 768
camera_name: camera
camera_matrix:
  rows: 3
  cols: 3
  data: [971.646825, 0.000000, 501.846472, 0.000000, 972.962863, 402.829241, 0.000000, 0.000000, 1.000000]
distortion_model: plumb_bob
distortion_coefficients:
  rows: 1
  cols: 5
  data: [0.129212, -0.370131, -0.000169, -0.001557, 0.000000]
rectification_matrix:
  rows: 3
  cols: 3
  data: [1.000000, 0.000000, 0.000000, 0.000000, 1.000000, 0.000000, 0.000000, 0.000000, 1.000000]
projection_matrix:
  rows: 3
  cols: 4
  data: [977.900940, 0.000000, 499.641668, 0.000000, 0.000000, 983.090698, 402.258020, 0.000000, 0.000000, 0.000000, 1.000000, 0.000000]
