# oST version 5.0 parameters


[image]

width
1024

height
768

[narrow_stereo]

camera matrix
971.646825 0.000000 501.846472
0.000000 972.962863 402.829241
0.000000 0.000000 1.000000

distortion
0.129212 -0.370131 -0.000169 -0.001557 0.000000

rectification
1.000000 0.000000 0.000000
0.000000 1.000000 0.000000
0.000000 0.000000 1.000000

projection
977.900940 0.000000 499.641668 0.000000
0.000000 983.090698 402.258020 0.000000
0.000000 0.000000 1.000000 0.000000

